10	70,127.78
100	22,25.14
1000	67,121.18
101	132,155.14
102	91,12.31
103	137,164.92
104	121,9.91
105	4,8.27
106	43,40.09
107	118,122.44
110	128,298.62
111	14,24.09
112	50,6.91
113	113,189.01
114	13,27.42
115	117,200.96
119	55,97.53
120	85,145.63
121	8,10.78
122	67,53.97
123	25,55.08
124	21,32.29
125	85,84.32
126	118,52.89
127	53,46.00
128	82,4.09
131	10,21.57
135	76,96.21
136	17,13.36
138	43,83.57
139	118,131.87
140	32,65.80
142	72,21.08
144	9,7.91
146	21,40.66
147	27,8.21
15	45,52.19
153	107,143.29
154	63,19.03
155	10,9.76
156	99,156.92
159	147,0.57
16	86,37.93
160	62,55.68
162	67,23.13
167	128,262.24
168	139,167.51
169	97,114.45
17	98,136.88
170	69,129.34
172	34,44.08
173	74,93.88
175	127,144.97
177	147,123.27
178	135,184.78
179	72,108.45
180	47,99.68
185	76,115.58
186	93,47.40
187	125,205.23
188	46,96.93
189	31,36.82
19	123,272.26
190	38,17.55
191	72,81.89
192	60,81.41
193	123,96.03
194	128,262.56
196	30,20.37
197	58,39.96
198	117,9.25
20	51,64.14
201	60,9.30
202	59,40.14
203	150,174.37
204	85,153.37
207	114,172.06
208	56,111.15
21	62,36.83
210	20,14.72
212	21,12.23
216	139,225.46
217	39,48.02
218	118,171.55
219	57,116.28
22	141,342.31
220	126,71.66
221	118,85.34
222	36,53.79
224	124,77.86
229	123,118.81
23	137,239.46
230	78,41.85
232	104,30.14
233	9,17.62
234	5,1.73
236	109,159.33
238	71,42.34
240	8,13.90
241	54,109.58
242	16,13.42
243	71,52.45
245	72,27.36
246	38,21.34
247	121,17.14
248	44,16.68
25	70,95.10
250	78,115.42
251	26,19.26
253	87,93.98
257	42,27.04
258	142,161.85
259	97,118.59
26	78,20.74
261	40,77.86
263	127,3.31
264	21,25.15
266	100,65.68
267	80,157.63
269	12,17.77
27	148,343.12
270	111,253.36
271	16,5.41
274	98,184.04
275	50,50.91
276	3,4.37
277	2,3.86
279	99,157.79
28	150,194.48
281	43,7.14
284	114,50.53
285	55,114.69
287	114,4.39
289	60,128.08
290	40,88.41
291	20,5.08
292	140,23.25
293	6,0.57
294	53,118.06
295	44,38.86
296	137,328.98
297	141,108.83
298	86,146.64
299	28,16.05
301	65,79.66
302	12,20.36
303	142,11.24
305	114,101.00
307	130,302.63
31	103,98.57
310	82,162.53
312	43,13.12
314	74,45.78
315	142,251.56
316	131,41.46
322	114,56.85
323	112,19.57
324	117,55.36
325	54,21.24
326	38,37.29
327	54,110.02
328	100,32.92
33	136,69.73
330	128,50.91
332	52,19.75
333	89,57.75
334	27,30.21
336	60,71.75
337	119,108.62
338	126,82.40
34	8,16.73
341	89,45.90
342	147,178.85
343	59,61.84
344	131,211.41
346	4,4.50
349	51,52.40
35	67,62.02
350	134,182.24
351	107,154.54
353	31,19.39
354	60,40.61
355	91,68.04
357	15,1.70
358	106,118.20
359	138,248.51
360	124,84.03
361	41,54.77
362	26,24.30
364	114,73.45
365	108,13.03
366	82,135.90
367	121,246.09
369	1,0.57
372	107,172.53
374	143,270.04
375	23,1.88
376	73,88.13
377	65,55.78
378	18,28.80
379	77,95.12
38	139,118.05
381	37,63.09
382	14,20.81
383	50,98.88
384	42,81.62
385	14,29.90
386	63,54.51
387	119,71.43
388	105,106.06
389	139,197.22
39	82,141.06
390	36,80.49
391	86,185.13
392	13,22.80
393	29,57.01
394	42,78.82
395	83,91.43
396	64,53.73
397	26,38.14
4	81,1.65
40	147,326.40
401	123,199.30
402	120,27.12
403	78,32.61
404	67,60.79
405	47,18.24
406	47,89.77
407	147,320.48
41	26,36.77
411	81,18.77
412	24,0.31
413	99,103.28
414	53,100.11
416	67,69.99
418	132,130.29
42	123,40.24
421	98,115.67
422	69,126.41
423	24,7.54
425	28,52.48
428	82,170.44
43	48,56.84
430	147,264.47
431	134,63.17
433	83,77.09
434	79,170.17
438	18,23.28
439	86,138.59
44	16,27.94
443	116,258.51
445	134,103.19
447	83,6.09
449	128,193.68
450	18,5.22
453	18,0.29
456	133,84.94
457	12,8.24
458	112,227.20
46	126,164.05
462	91,171.99
463	148,175.38
464	14,7.39
465	114,209.92
466	12,3.22
468	33,38.09
469	107,178.07
47	69,50.00
470	19,8.37
474	22,20.45
475	34,68.80
476	57,95.08
478	142,287.72
479	57,44.62
480	43,28.89
481	56,89.66
483	11,7.24
485	30,4.00
486	141,294.31
488	59,132.10
489	31,11.24
49	55,95.39
490	147,2.81
491	57,37.58
493	88,26.08
494	113,7.64
495	131,178.95
497	40,13.89
499	29,24.69
5	36,78.39
50	45,24.84
500	94,32.48
501	90,45.06
503	141,146.96
505	57,11.96
51	27,53.11
510	2,0.68
511	7,1.72
514	131,87.61
518	65,52.95
521	138,32.51
523	78,107.68
524	84,103.27
525	116,243.68
526	124,59.62
527	91,102.47
530	52,47.69
533	33,43.30
534	132,47.71
535	107,3.04
537	133,233.30
538	100,127.83
541	8,16.83
542	114,74.80
546	144,206.49
547	134,21.18
548	51,101.20
55	76,152.58
550	123,76.39
552	3,1.24
553	129,201.31
554	90,181.33
555	108,174.43
557	105,74.65
56	83,68.99
560	126,211.06
566	33,46.25
567	124,270.59
568	65,35.93
569	61,87.71
570	16,35.06
572	120,234.41
573	86,55.63
575	81,179.06
576	92,129.36
579	81,129.52
581	29,65.17
583	94,126.67
584	89,74.17
585	149,312.37
586	121,74.46
587	92,121.80
590	48,65.63
591	8,4.28
592	124,205.91
593	62,82.07
594	65,104.81
595	91,17.61
596	66,101.81
597	45,55.16
598	45,15.57
6	100,49.03
60	136,201.55
600	128,203.86
602	80,68.67
603	133,97.03
604	11,21.65
605	127,184.91
607	84,114.47
609	36,59.06
61	132,154.12
610	4,4.37
611	142,58.52
614	103,135.00
616	41,87.08
617	82,103.21
618	75,120.64
619	39,42.65
620	141,145.41
621	33,14.55
622	146,339.13
623	128,56.10
625	7,15.45
626	45,93.04
628	11,18.74
629	92,72.06
630	132,122.42
631	74,160.32
632	80,174.89
634	92,168.38
636	44,50.54
637	118,101.56
639	135,10.23
640	122,144.54
642	113,221.06
643	140,301.35
644	132,18.34
645	135,57.87
646	107,187.24
649	75,3.19
65	11,23.12
652	123,232.99
653	46,1.35
654	130,243.19
655	7,14.92
658	23,8.81
66	111,80.18
662	2,4.47
664	135,221.49
665	83,126.00
669	78,165.01
670	135,116.06
671	61,108.77
672	113,72.49
674	107,58.05
675	96,204.16
676	66,82.54
677	39,46.56
678	54,92.31
679	21,14.61
68	125,293.05
681	22,29.44
682	6,4.04
683	137,134.45
684	148,248.94
688	70,49.82
689	71,65.31
69	46,30.00
690	6,8.81
691	45,90.82
692	89,145.15
694	64,84.79
696	11,21.98
697	16,4.69
7	74,82.46
70	83,76.23
700	89,19.39
701	101,169.32
702	88,127.28
707	112,80.67
708	73,13.54
71	127,114.68
711	115,161.99
712	136,130.02
713	114,140.20
714	136,220.00
715	29,7.81
716	56,71.08
717	57,99.20
718	60,49.14
72	87,116.66
722	14,12.41
723	126,210.25
725	71,94.47
727	72,147.14
729	20,10.35
730	51,38.56
732	47,14.53
733	122,133.78
734	141,238.35
735	121,22.57
736	90,129.63
738	149,110.83
739	95,107.30
74	80,6.94
742	6,5.10
744	67,41.59
745	112,36.66
746	9,16.22
749	45,54.00
750	27,22.72
751	40,0.37
753	100,14.15
754	130,295.34
755	150,279.21
758	65,85.46
76	148,89.83
760	143,291.08
761	62,53.80
762	62,89.11
769	93,25.58
770	15,23.61
771	125,209.41
772	120,73.90
775	45,40.17
777	69,31.24
778	10,7.79
779	136,228.40
78	95,70.79
780	16,18.30
781	52,30.78
782	128,34.75
783	43,11.28
784	71,75.15
785	39,82.75
786	137,232.72
787	57,85.73
788	100,14.72
79	71,115.17
790	66,60.38
792	1,2.29
794	45,22.02
796	135,228.84
797	27,18.58
8	13,13.55
800	39,37.19
801	93,171.78
803	17,4.02
804	77,167.12
805	109,130.84
807	90,198.29
808	131,307.19
81	11,12.73
811	37,80.62
812	130,286.28
814	58,51.53
815	128,18.04
819	102,175.73
82	8,7.96
820	108,76.61
821	9,14.03
822	53,71.35
824	135,138.84
825	58,78.29
826	133,289.37
827	36,65.69
83	92,176.74
830	135,91.96
831	95,152.21
835	138,284.16
839	131,50.80
840	19,9.82
842	12,26.13
843	123,46.12
844	14,25.82
845	105,108.62
846	92,147.51
847	51,90.48
848	17,18.24
85	129,82.56
850	93,201.71
851	125,139.64
852	9,13.43
853	77,52.31
855	71,145.20
856	61,32.60
857	30,35.72
858	69,68.81
859	99,62.57
86	60,95.30
860	123,270.10
862	41,19.94
863	106,91.59
865	122,124.27
867	79,90.18
868	26,14.08
87	5,10.97
872	8,7.61
875	79,109.24
877	79,66.03
878	92,122.92
879	8,4.32
881	39,85.25
882	148,142.03
883	43,45.35
884	88,125.05
887	58,115.63
890	77,163.99
891	113,86.05
893	123,214.59
894	124,235.09
895	142,299.81
896	48,51.01
897	126,120.97
899	117,204.68
9	52,35.18
90	132,66.57
900	29,55.10
901	20,17.48
906	114,190.40
91	118,229.86
910	11,13.78
912	84,153.47
913	41,58.42
916	74,87.40
918	9,17.67
919	121,118.57
920	101,182.79
921	142,120.69
923	61,132.95
924	119,203.60
925	100,8.55
926	7,10.70
927	65,140.52
928	115,158.63
929	9,4.43
930	34,16.15
931	92,199.08
932	69,114.32
934	35,4.84
936	142,11.42
937	139,122.06
939	101,190.71
943	46,28.23
944	69,125.84
945	137,282.24
950	36,43.75
952	11,9.82
953	98,151.53
955	143,136.98
958	133,312.40
96	71,118.00
960	80,145.21
961	39,84.23
963	102,69.82
964	84,122.93
965	2,2.45
966	148,106.50
968	62,29.84
969	147,334.59
971	141,0.24
972	70,56.10
973	47,41.61
977	146,131.71
978	149,71.95
979	126,21.35
98	4,0.95
981	83,178.73
982	144,55.10
983	38,29.10
984	90,159.54
985	14,22.11
986	129,245.26
987	10,9.97
988	35,11.65
989	91,102.60
990	75,138.94
992	113,168.61
994	2,3.37
995	106,77.68
998	135,49.25
999	60,91.66
